1 10.066299
1 10.025039
1 10.038765
1 10.150964
1 10.054721
1 10.365425
2 10.076720
2 10.183839
2 10.300828
2 12.989118
2 15.991478
2 10.296803
3 19.260361
3 19.169037
3 18.175373
3 17.474502
3 18.087747
3 18.211927
4 21.364304
4 22.939399
4 22.954859
4 20.985541
4 21.049718
5 26.828062
5 29.960630
5 32.498802
5 30.532126
5 31.399159
6 32.946677
6 34.825368
6 33.590604
6 32.758672
6 36.273653
7 38.977772
7 42.483312
7 39.108317
7 37.821596
7 39.569314
8 44.029840
8 44.932042
8 50.173325
8 45.436966
8 43.391902
9 53.111137
9 49.360397
9 48.046370
9 50.207269
9 51.084287
10 55.992650
10 54.565784
10 55.536241
10 55.263049
10 55.461883
11 60.483377
11 64.871215
11 58.422363
11 61.246566
11 63.146245
12 63.175591
12 66.896898
12 66.537121
12 64.293285
12 65.331309
13 73.808617
13 72.324127
13 70.783791
13 73.772778
13 69.808814
14 74.193769
14 77.274213
14 80.914507
14 77.093945
14 79.289797
15 85.202119
15 81.012008
15 81.817775
15 83.474516
15 82.312758
16 84.665458
16 86.529939
16 84.966542
16 85.606445
16 90.204613
17 95.935147
17 95.657863
17 95.953970
17 93.248980
17 94.317815
18 96.925709
18 97.105699
18 102.549609
18 95.082542
18 99.530737
19 108.846650
19 108.050891
19 102.752767
19 105.631741
19 104.646504
20 107.172866
20 120.377790
20 114.584887
20 110.299730
20 119.281521
